8.470126821713728008e-03
1.594006987557585603e-02
1.507717898530138052e-02
1.306915304762553028e-02
1.207316566804197445e-02
1.064189401627472359e-02
1.065772979119432307e-02
7.882052198008563174e-03
3.696974684634471951e-03
1.366944413135208133e-02
1.345802638515926526e-02
1.216391876266013049e-02
1.096163703633184008e-02
9.485072326502844500e-03
9.272068594789385776e-03
6.409622042875671999e-03
-1.046360739771596713e-03
-1.381229610420650318e-03
-1.762688767803473680e-03
-1.762688767803473680e-03
-1.762688767803473680e-03
-1.762688767803473680e-03
-8.587816727971298329e-04
-8.997996533397375173e-04
-1.645519202884612123e-03
-1.645519202884612123e-03
-1.645519202884612123e-03
-1.645519202884612123e-03
-1.645519202884612123e-03
-1.645519202884612123e-03
-1.645519202884612123e-03
-1.645519202884612123e-03
-1.715946336498212765e-02
-4.769248338773122986e-02
-4.660727557561752943e-02
-3.948353359680872171e-02
-3.448534601160001267e-02
-2.917641231352988834e-02
-2.871575844024898058e-02
-1.737747858740603876e-02
-1.024004567702071697e-02
-5.084933601029915234e-02
-4.993479425181851505e-02
-4.497436128981768116e-02
-3.998087545377111002e-02
-3.417467363749925047e-02
-3.324467387622263154e-02
-2.178622042352040822e-02
-8.596555522586589101e-03
-9.720568097718927311e-03
-1.074963537918280192e-02
-1.074963537918280192e-02
-1.074963537918280192e-02
-1.074963537918280192e-02
-1.107710898310306120e-02
-8.436410484375034963e-03
2.032088642043295302e-03
2.032088642043295302e-03
2.032088642043295302e-03
2.032088642043295302e-03
2.032088642043295302e-03
2.032088642043295302e-03
2.032088642043295302e-03
2.032088642043295302e-03
1.694916893286907769e-02
4.759490856635786860e-02
4.655519444598019141e-02
3.946374330984403489e-02
3.443236208136740695e-02
2.913983435998384469e-02
2.864743576710466685e-02
1.728051065431551736e-02
9.489326280894966326e-03
5.023456493600544220e-02
4.930621356056138355e-02
4.438533612341181295e-02
3.935707230183548705e-02
3.357034864011437802e-02
3.262345512813597664e-02
2.116219640324938644e-02
1.108408708824335474e-02
1.268778438119504831e-02
1.421414029934208074e-02
1.421414029934208074e-02
1.421414029934208074e-02
1.421414029934208074e-02
1.390185685132261373e-02
1.077936548491911263e-02
-1.120807414938082298e-03
-1.120807414938082298e-03
-1.120807414938082298e-03
-1.120807414938082298e-03
-1.120807414938082298e-03
-1.120807414938082298e-03
-1.120807414938082298e-03
-1.120807414938082298e-03
