8.488354089183823836e-01
1.922850207735057104e+00
1.918619899585467747e+00
1.723135179789584415e+00
1.554573111957054277e+00
1.377632578890009230e+00
1.310898401739848618e+00
9.238875470532449397e-01
4.487981216270231499e-01
1.896027967956722904e+00
1.894422817513723434e+00
1.762322545821517261e+00
1.595640475043075934e+00
1.408404000492034180e+00
1.336314233684420483e+00
9.574054243826501942e-01
6.031319035848805576e-01
7.032178414130868527e-01
7.995950959547636350e-01
7.995950959547636350e-01
7.995950959547636350e-01
7.995950959547636350e-01
7.445998497539323413e-01
5.994432463105171527e-01
3.892130004734731252e-01
3.892130004734731252e-01
3.892130004734731252e-01
3.892130004734731252e-01
3.892130004734731252e-01
3.892130004734731252e-01
3.892130004734731252e-01
3.892130004734731252e-01
3.155997067453461202e+00
7.573850164490618653e+00
7.561989289468714404e+00
6.775737341792424928e+00
6.100700170762034524e+00
5.409290594130415464e+00
5.159759672110491024e+00
3.592199504944828536e+00
1.787947977701802138e+00
7.580445720425614375e+00
7.572680666079143030e+00
7.039351486743360198e+00
6.372814581555746649e+00
5.625666142748118936e+00
5.339070417591060824e+00
3.819401945834173695e+00
2.406368481020574102e+00
2.805983338795404514e+00
3.191068043324071901e+00
3.191068043324071901e+00
3.191068043324071901e+00
3.191068043324071901e+00
2.969796077696495562e+00
2.390695682038884495e+00
1.557451886413385944e+00
1.557451886413385944e+00
1.557451886413385944e+00
1.557451886413385944e+00
1.557451886413385944e+00
1.557451886413385944e+00
1.557451886413385944e+00
1.557451886413385944e+00
3.215378214476390273e+00
7.612345290878454129e+00
7.600467065443357484e+00
6.820970064381726594e+00
6.147511786600508898e+00
5.450995997833222972e+00
5.195520252171122344e+00
3.635942510250647519e+00
1.797206640135869726e+00
7.588496117142127240e+00
7.581336377300944562e+00
7.050360642705737924e+00
6.384572661624939194e+00
5.635929961805262955e+00
5.347940395595438545e+00
3.829509098609125584e+00
2.408957136159059598e+00
2.809185471719051197e+00
3.194855129271924721e+00
3.194855129271924721e+00
3.194855129271924721e+00
3.194855129271924721e+00
2.972732524053200098e+00
2.393590140887277506e+00
1.558974309262815883e+00
1.558974309262815883e+00
1.558974309262815883e+00
1.558974309262815883e+00
1.558974309262815883e+00
1.558974309262815883e+00
1.558974309262815883e+00
1.558974309262815883e+00
